name: scraping_Orbis
channels:
  - conda-forge
  - defaults
dependencies:
  - backcall=0.2.0=pyh9f0ad1d_0
  - backports=1.0=py_2
  - backports.functools_lru_cache=1.6.4=pyhd8ed1ab_0
  - certifi=2021.5.30=py36ha15d459_0
  - colorama=0.4.4=pyh9f0ad1d_0
  - decorator=5.1.1=pyhd8ed1ab_0
  - entrypoints=0.4=pyhd8ed1ab_0
  - ipykernel=5.5.5=py36hfacbf0b_0
  - ipython=7.16.1=py36h7b2dad6_2
  - ipython_genutils=0.2.0=py_1
  - jedi=0.17.2=py36ha15d459_1
  - jupyter_client=7.1.2=pyhd8ed1ab_0
  - jupyter_core=4.8.1=py36ha15d459_0
  - libsodium=1.0.18=h8d14728_1
  - nest-asyncio=1.5.4=pyhd8ed1ab_0
  - parso=0.7.1=pyh9f0ad1d_0
  - pickleshare=0.7.5=py_1003
  - pip=20.3.4=pyhd8ed1ab_0
  - prompt-toolkit=3.0.27=pyha770c72_0
  - pygments=2.11.2=pyhd8ed1ab_0
  - python=3.6.15=h39d44d4_0_cpython
  - python-dateutil=2.8.2=pyhd8ed1ab_0
  - python_abi=3.6=2_cp36m
  - pywin32=301=py36h68aa20f_0
  - pyzmq=22.3.0=py36h1d5d788_0
  - setuptools=58.0.4=py36ha15d459_2
  - six=1.16.0=pyh6c4a22f_0
  - tornado=6.1=py36h68aa20f_1
  - traitlets=4.3.3=pyhd8ed1ab_2
  - ucrt=10.0.20348.0=h57928b3_0
  - vc=14.2=hb210afc_6
  - vs2015_runtime=14.29.30037=h902a5da_6
  - wcwidth=0.2.5=pyh9f0ad1d_2
  - wheel=0.37.1=pyhd8ed1ab_0
  - zeromq=4.3.4=h0e60522_1
  - pip:
    - selenium==3.141.0
    - urllib3==1.26.8
prefix: C:\ProgramData\Anaconda3\envs\scraping_Orbis
